[bloodbank.jpg]
filters=PencilSketch=1,4.437427,0.000000,49.707603;
moddate=4a52720697aecd01
width=2601
height=1965
textactive=0
[bloodbank.1.jpg]
filters=fill=1,1.000000;retouch=1;
moddate=75333620a8aecd01
width=2600
height=1965
textactive=0
[bloodbank.2.jpg]
filters=retouch=1;autolight=1;autocolor=1;
moddate=834daa55a8aecd01
width=2600
height=1965
textactive=0
